1   340 2391  .4 
2   325 2385  .6
3   369 1849  .6
4   377 1713  .7
5   353 1546 0.8
6   425 1449  .9
7   368  766 0.9
8   321  777 0.9
9   964  661 0.8
10  369  653 0.8
11 2584  696 1.1
12 1381  577 1.2
13 2791  450 0.8
14 2581  529 1.0
15 2705  205 0.7
16 2829  329 1.0
17 1808  252 0.4
18 2484  137  6
19  555  179 0.4
20  465  181 1.2
21  361  374  .5
22  249  361  .5
23  666  582  .4
24  365  497  .3
25 2865  787  .4
26 2857  646 1.1
27 3030 1379 0.4
28 3033 1409 0.5
29 2990 2624 0.4
30 2990 2624 0.6